1 1019.9940795898438
2 1710.6748046875
3 1009.2673950195312
4 1096.8275146484375
5 1203.666015625
6 750.0503540039062
7 824.0199584960938
8 960.4437866210938
9 880.1109619140625
10 657.3148193359375
11 741.6849365234375
12 897.6411743164062
13 667.5042724609375
14 605.582763671875
15 735.6475219726562
16 740.8067016601562
17 626.337158203125
18 576.6018676757812
19 684.5167236328125
20 653.944580078125
21 544.2831420898438
22 589.2723388671875
23 622.4901123046875
24 557.9962158203125
25 525.95947265625
26 588.2120971679688
27 541.7815551757812
28 503.2460021972656
29 542.1270141601562
30 520.4824829101562
31 489.6136779785156
32 526.7308349609375
33 503.8739013671875
34 487.56866455078125
35 507.7945861816406
36 483.47528076171875
37 477.9845886230469
38 496.8897705078125
39 472.45001220703125
40 484.2219543457031
41 481.3216247558594
42 465.1283874511719
43 478.49365234375
44 466.13983154296875
45 465.5740051269531
46 467.8586120605469
47 454.6529235839844
48 461.2354431152344
49 454.37335205078125
50 454.30999755859375
51 455.74176025390625
52 448.5814514160156
53 451.92108154296875
54 444.4498291015625
55 446.07080078125
56 441.57464599609375
57 441.1639404296875
58 438.6736145019531
59 435.69146728515625
60 434.3033752441406
61 432.1395568847656
62 430.0199890136719
63 427.2828674316406
64 424.6116638183594
65 423.752685546875
66 419.9872741699219
67 419.8645324707031
68 415.18017578125
69 413.9850769042969
70 411.0790710449219
71 408.3056335449219
72 406.98468017578125
73 403.33062744140625
74 401.9292297363281
75 400.8576354980469
76 396.17645263671875
77 394.6147766113281
78 395.8089294433594
79 390.6047058105469
80 386.9435119628906
81 383.7836608886719
82 381.9169616699219
83 382.8096618652344
84 386.7070007324219
85 393.5196533203125
86 375.77423095703125
87 369.3099060058594
88 366.8155822753906
89 367.9874572753906
90 379.9742431640625
91 377.3143005371094
92 372.1479797363281
93 357.8219909667969
94 354.35174560546875
95 359.87200927734375
96 381.46417236328125
97 352.29278564453125
98 342.84375
99 342.2889099121094
100 352.6072082519531
101 351.1580810546875
102 350.5664367675781
103 332.9593505859375
104 327.57635498046875
105 323.8592529296875
106 322.7065734863281
107 322.7417907714844
108 339.3040771484375
109 352.8215026855469
110 313.0379638671875
111 319.0074462890625
112 363.7408142089844
113 306.2226257324219
114 346.4403076171875
115 337.6440124511719
116 322.2849426269531
117 319.8703918457031
118 304.1688232421875
119 307.37762451171875
120 287.4295654296875
121 299.6994323730469
122 291.0472106933594
123 283.4673156738281
124 283.7203063964844
125 275.3249816894531
126 282.1772766113281
127 275.81597900390625
128 280.0386657714844
129 286.0963134765625
130 269.270751953125
131 261.3374328613281
132 258.45159912109375
133 255.92283630371094
134 261.2281188964844
135 267.6368713378906
136 263.997802734375
137 250.58216857910156
138 245.0486602783203
139 268.8362121582031
140 264.39007568359375
141 238.46348571777344
142 233.553466796875
143 227.84213256835938
144 223.82081604003906
145 228.37635803222656
146 248.5615234375
147 243.60780334472656
148 240.35003662109375
149 219.22079467773438
150 224.9558868408203
151 237.50537109375
152 243.92735290527344
153 204.359375
154 207.4149627685547
155 267.8277587890625
156 196.06686401367188
157 215.07293701171875
158 285.87322998046875
159 198.56419372558594
160 351.092041015625
161 254.5481719970703
162 406.9551696777344
163 374.0722961425781
164 265.1343688964844
165 306.3092956542969
166 220.3348388671875
167 242.78372192382812
168 216.65797424316406
169 177.77545166015625
170 188.6722412109375
171 200.4973602294922
172 197.3955841064453
173 174.51730346679688
174 180.0585174560547
175 217.38690185546875
176 180.44161987304688
177 163.9607696533203
178 173.23504638671875
179 200.84866333007812
180 185.31008911132812
181 162.79788208007812
182 169.75277709960938
183 219.23129272460938
184 163.06419372558594
185 200.48866271972656
186 223.10499572753906
187 158.1118621826172
188 265.78033447265625
189 164.04994201660156
190 348.0212707519531
191 240.49526977539062
192 340.7856750488281
193 390.8784484863281
194 181.99517822265625
195 395.6254577636719
196 348.6177673339844
197 211.83497619628906
198 281.1034851074219
199 183.55038452148438
200 275.8547668457031
201 171.07322692871094
202 300.82220458984375
203 242.38853454589844
204 267.6180419921875
205 274.063232421875
206 197.89935302734375
207 213.93106079101562
208 211.2945098876953
209 184.89683532714844
210 247.2640838623047
211 208.77877807617188
212 249.13958740234375
213 223.50527954101562
214 235.59165954589844
215 229.54934692382812
216 211.58946228027344
217 202.3072967529297
218 224.33262634277344
219 195.21685791015625
220 256.0398254394531
221 238.6219482421875
222 206.07115173339844
223 200.7968292236328
224 225.3123779296875
225 215.167236328125
226 200.05352783203125
227 172.23855590820312
228 255.07862854003906
229 236.6000213623047
230 189.78692626953125
231 175.99085998535156
232 233.2530975341797
233 215.7584686279297
234 197.97769165039062
235 173.2878875732422
236 247.2104949951172
237 233.56234741210938
238 182.7176971435547
239 173.8341522216797
240 228.6551971435547
241 209.9801483154297
242 197.36871337890625
243 174.34674072265625
244 238.0130157470703
245 226.65255737304688
246 179.0733184814453
247 164.5745086669922
248 224.09317016601562
249 201.42355346679688
250 199.10694885253906
251 175.0139617919922
252 234.71490478515625
253 228.40333557128906
254 167.46437072753906
255 158.33189392089844
256 224.37921142578125
257 201.44580078125
258 195.94802856445312
259 174.8916473388672
260 222.37074279785156
261 212.9508056640625
262 175.59823608398438
263 158.31837463378906
264 228.10244750976562
265 209.32713317871094
266 182.9991912841797
267 167.42242431640625
268 226.96348571777344
269 218.36314392089844
270 167.33058166503906
271 152.13607788085938
272 218.73336791992188
273 195.25717163085938
274 192.76730346679688
275 173.06166076660156
276 223.83790588378906
277 223.1372833251953
278 154.10569763183594
279 153.50245666503906
280 210.7072296142578
281 186.3007049560547
282 198.02517700195312
283 180.07818603515625
284 204.26412963867188
285 196.7819366455078
286 177.63735961914062
287 159.6447296142578
288 217.2692413330078
289 199.1924591064453
290 184.97483825683594
291 176.73973083496094
292 200.90277099609375
293 194.25927734375
294 173.97915649414062
295 154.89498901367188
296 215.98057556152344
297 198.89859008789062
298 178.03375244140625
299 164.24827575683594
300 209.6216583251953
301 200.09884643554688
302 170.0906982421875
303 154.26083374023438
304 206.0334014892578
305 185.40599060058594
306 189.460205078125
307 176.87266540527344
308 198.58505249023438
309 195.6996612548828
310 165.3958740234375
311 152.58261108398438
312 207.26515197753906
313 187.28036499023438
314 185.2869873046875
315 173.16847229003906
316 199.07308959960938
317 194.01553344726562
318 167.71542358398438
319 163.6680450439453
320 189.32215881347656
321 171.74276733398438
322 191.38490295410156
323 173.36331176757812
324 199.72010803222656
325 198.4012908935547
326 158.88783264160156
327 161.587158203125
328 185.77467346191406
329 168.93624877929688
330 185.0658721923828
331 159.69964599609375
332 204.38453674316406
333 191.08938598632812
334 173.2075958251953
335 166.09414672851562
336 192.27284240722656
337 177.90501403808594
338 184.0151824951172
339 171.18492126464844
340 194.1313934326172
341 186.63897705078125
342 172.17514038085938
343 160.69717407226562
344 199.60585021972656
345 187.12054443359375
346 174.4666748046875
347 164.58143615722656
348 196.10809326171875
349 187.90257263183594
350 167.3070526123047
351 152.70899963378906
352 206.4508514404297
353 193.9589080810547
354 165.8135528564453
355 156.55223083496094
356 199.91964721679688
357 187.60067749023438
358 169.49684143066406
359 158.27871704101562
360 199.78382873535156
361 189.06517028808594
362 166.86485290527344
363 156.0266571044922
364 200.2294464111328
365 188.62396240234375
366 166.56826782226562
367 155.9500274658203
368 199.21438598632812
369 189.5146942138672
370 163.22361755371094
371 151.2586212158203
372 202.0181121826172
373 190.69320678710938
374 162.568603515625
375 151.7584991455078
376 200.61573791503906
377 190.2707977294922
378 160.88157653808594
379 149.05758666992188
380 201.56243896484375
381 190.67889404296875
382 160.76939392089844
383 149.60116577148438
384 200.7757568359375
385 190.66087341308594
386 158.99951171875
387 147.74240112304688
388 201.16539001464844
389 190.32386779785156
390 159.27635192871094
391 148.43948364257812
392 201.2353515625
393 192.10784912109375
394 155.9203338623047
395 145.07078552246094
396 199.0994415283203
397 186.24562072753906
398 162.7370147705078

